"HSpecNo","GOL","NOL","BNL","XCB","M9","XFB","M11","AUB","ASB","BBH","M26","M27","M28","FRC","PAC","OCC","BPL","M43","ZYB","M46","NPH","DKB","M51","OBH","OBH","NLB","NLH","M55","MAB","MDH","MDB","U1","U2","U3","U4","U5","U6","U7","U8","U9","U10","U11","WNB","SIS","U12","ZMB","U13","U14"
Specimen 1
182.00 179.00 100.00 129.00 95.00 108.00 115.00 114.00 100.00 132.00
130.00 134.00 103.00 113.00 120.00 88.00 105.00 107.00 125.00 94.00
65.00 23.00 44.00 41.00 37.00 27.00 50.00 49.00 71.00 31.00
20.00 109.00 83.00 110.00 30.00 12.00 35.00 61.00 35.00 101.00
54.00 54.00 11.12 5.70 6.89 95.00 52.00 54.00
Specimen 2
174.00 172.00 96.00 124.00 95.00 110.00 104.00 103.00 96.00 137.00
127.00 125.00 108.00 112.00 112.00 95.00 93.00 102.00 0.00 86.00
61.00 21.00 41.00 39.00 35.00 25.00 50.00 49.00 62.00 25.00
17.00 99.00 83.00 100.00 27.00 11.00 30.00 50.00 31.00 94.00
49.00 51.00 8.73 0.00 0.00 84.00 47.00 47.00
Specimen 3
170.00 167.00 92.00 130.00 93.00 109.00 116.00 115.50 100.00 130.00
123.00 123.00 110.00 107.00 109.00 92.00 93.00 102.00 125.00 87.00
65.00 21.00 40.00 38.00 34.00 24.00 45.00 45.00 61.00 19.00
13.00 0.00 0.00 0.00 0.00 0.00 0.00 0.00 0.00 91.60
49.10 48.70 7.76 5.22 3.97 89.20 48.60 49.7